         220
          32
         201
         170
         251
         186
         202
          37
          39
         243
           6
         139
          76
         235
           6
         166
         249
          58
         142
           2
         220
          84
          45
          20
          15
         232
         174
          97
          85
         237
         146
           1
          88
          47
           5
         179
         155
          99
          14
         193
         134
         116
          28
         188
         169
         148
         243
           5
          47
         231
          68
         193
         239
         163
          22
          43
          42
         245
          13
          29
          93
         109
          93
          10
         151
         167
          84
         128
         179
           6
          27
         194
         107
          90
         191
         155
         252
          72
          22
         124
         220
          59
          11
         138
         211
         214
          13
         125
          50
          84
          59
         208
         235
         128
         224
         114
         192
         114
         153
          34
         199
         247
         103
          63
         211
           0
         210
         221
           9
         169
          10
          88
         225
          79
         108
         190
         127
         240
         181
         106
         110
          66
         131
          91
         236
          89
         234
          22
          49
          87
         169
          68
         251
          65
         212
         188
          31
         188
         159
          17
          61
         245
         205
         220
         223
         208
          46
          68
          12
          71
          82
         127
          29
           7
          77
         137
         254
          59
         151
         147
         244
         113
          86
         218
           8
         237
          62
          96
         112
         207
         253
         163
         240
         173
         125
          67
          17
         164
         207
         236
          59
         165
         131
         236
         153
         223
         211
          13
         151
         103
          11
           0
         212
         182
         101
          97
          36
         206
         113
         197
         154
         107
          62
         123
         248
          78
         250
          46
          22
         176
         177
          41
         182
          54
          59
         125
         233
         212
         250
         173
         147
         184
         221
          61
         196
          65
         107
         184
         246
         234
         172
         235
          96
         249
         158
         123
          95
           0
         252
          80
          78
         182
          64
          85
         239
         119
         228
          95
         183
         135
         195
         164
         211
          61
         158
         214
         161
         215
         205
         247
         170
         239
         204
          27
          34
         229
         243
         232
           7
          17
           6
         176
          11
          92
         177
          56
         167
          90
         231
         167
         100
          63
         125
         146
         138
         110
         226
         146
         204
          95
         165
         210
         202
          72
          75
          68
         154
         237
         125
          75
          68
         194
          14
          77
           7
         224
         107
          90
         242
         128
          22
         107
          27
          34
         244
         119
         143
          12
         169
         113
         220
         158
          15
          57
          69
          51
          14
           7
         130
          34
         214
         116
         225
          52
         198
          12
         109
         236
          11
         152
          59
         104
          98
          19
           8
         247
          79
          76
           4
         171
         151
         181
         224
         117
         216
         170
          43
          30
         126
         210
         207
         241
         239
         232
         149
         164
          35
          69
         239
           4
         202
         139
         252
         110
          77
          40
         252
          71
         201
         239
          63
          73
         106
          62
         118
          82
          11
          82
         223
         151
          57
         228
         129
         141
          38
         217
          51
          54
         177
          99
         212
         139
          33
          39
          36
         239
         188
         199
         113
         249
          63
          25
         150
         114
         195
          23
         226
         132
         163
         135
          17
         246
         128
         225
         190
          39
         194
         130
          38
          71
          83
         239
         248
          77
         196
         235
          95
         174
         131
          40
          71
         182
         206
         210
         140
         204
         155
         179
         155
         243
         133
          37
          60
           7
          11
          94
         185
         177
         173
         239
          86
          72
          44
         165
          88
         234
         176
         219
          36
         109
          93
         121
         188
         186
         114
         105
          38
         234
          72
         231
          26
         177
         166
         228
           2
          31
          99
          67
         228
         185
           7
          52
          45
         126
         219
         148
          64
         244
         148
         255
         109
         127
          17
         131
         213
         109
          20
          14
          80
         143
          25
          97
         208
          36
         191
          31
         146
         174
          92
         187
         158
          17
          84
         134
          37
         192
         173
          22
         157
         168
           8
         143
         136
          42
          71
          50
         232
         190
         100
          59
         125
          56
          58
         242
         115
          35
         148
          39
         210
          71
         221
          85
         254
          44
         200
         185
         254
         164
         174
         159
         115
         148
         199
         186
         211
          93
          56
         161
         160
         229
         229
          62
          25
           7
         216
         196
         117
          27
         255
         153
          63
         136
          95
         196
         106
          36
         199
           0
           7
         179
         105
         229
         227
          85
          64
          26
         189
          81
         191
         112
         231
         131
         234
         220
           2
         123
         116
         243
         168
          15
         222
         215
         100
          80
         210
         187
          14
           9
          40
          65
           9
          98
         126
         139
          45
         114
         218
         180
          38
          24
          27
         231
         196
          19
          70
          81
         150
         211
          34
          38
          41
          59
         178
         206
         243
         201
         251
         121
          92
          27
         169
          40
          66
         121
          37
         252
           1
         143
         164
          17
         228
         181
          42
          72
          99
         113
          91
           5
          74
         171
         213
         254
         200
          49
         141
         130
         234
         213
         139
          27
          26
          36
          56
          89
          22
         113
         185
         131
          69
         199
          43
         241
          86
         167
          88
          58
          71
         144
         188
          94
         174
         243
         208
         252
         159
         113
          81
         188
         190
         109
         240
          52
          86
         195
         129
         171
         156
         218
           8
         164
         155
          95
          27
         160
         147
          71
         110
         169
         227
          72
         241
          99
          72
         181
          41
         250
         126
          33
           1
          90
         150
         215
         100
         235
         193
          78
         155
          29
         133
          81
